$ANSIBLE_VAULT;1.1;AES256
65656666633630643762333565643961356430396365303866303630376636643031313730623832
3734346366623535646462333564653164333637393362340a643362643064373464636434396165
66363132366166656139653530623831363930393233313335393637333138643331323634303530
3566643936376665370a313363613839303164656438623735616635663632616131376134346363
62393333656264303265363331623735316337326538333435343964633030346437623863316364
65353137663638343030393863353866636635343466646163303566323464306432623331373032
32633034326262623538613261623831376563343566666665383030373464306563613230636137
61393635336131636565373436636565666539623563346663613866663862343161383361343561
38333164663431383363366232363064653965383333643562353365623835353561663037373238
34343434663230386135323839333536383537343066323931313337316435623732383035653434
61343437306461623637376437633338323339326337366434623832313466626330303331366639
64353633383234316538626563336339643865316665633237613264656366343535633733653132
61646135623430393533646261646335636639363432326164303563636435326239623965396536
38646638623133616534656164363834356666373534633337303832323366666434373738383039
62663565306231636530356633393062343132303137633832343462353135623138336635613263
36313833353062643938616163303537366132316562643233373331383633313063643365663437
32623934346361663633303362643066333165373062313961363738353433323634393865613134
31376135336532373632623165653938333565666532653566646661313865633266326430663961
36633437396163383466626665306432663839383133316236376439646239343363326336386331
32343130323562633138386563616632383238643934636237306639653135343036326666306265
61373735663230373939323964643237633736386363396635333131316138616437623532643030
30363162626230336433616433383064653263343437626365343138623232313665333963653533
62303737356631646663353537303030356461356433616530376662373930356534323633323566
61656432633631316432313736386137616566346361393037613061613834613566363563666563
35323536306463343365333536306339616430303330653964373765386334626362326135333336
61313637323136343461303330303534303335636264326230613866663338613135633239303838
63326366373431636634356363313166346134646463643132663737663562363230376433613532
34623065386533323238346363376161613466393864303638346337303231633263353762316666
32643962623938393262616633666538376131336139316466643062323231383135383563366130
39656539353366386638356232376165643963363937623337376238383263376261373032343438
35346661316561303438643363623437386337616564346662303034323431646264396132643336
33373865396533356535613262343832613535663535393838333037323137393964313864636439
35323235623337646138356634333732386536663239646238643262323964356138373236656439
31343337616336313130363666323634343537346365646135336564653965393132633936313331
66633837623663363730663033343036316333393262643131653061613364373164646334353931
39323461393365336664653039383131636566383234386263303339383639383562623230626137
39313565333330383562303530363330373932306535343966373666666364366139303864393363
32393264663231663966663435653136303666333765363863323934633235376361353261343138
64633763613332633735663132663631363266363235653862383432306462356333663834313662
37666363393334616263303035386263623563323964366131336430303731313636636164346236
35306231346666626139613061373062306464656634653837326364346232343937306264343437
61623838613562656434353035396562666164343361656132663633653939656132636533343936
36366662346264663134363639303739646336646137343464356266366365323339356233343361
66353534346330613064663439653731343638323232353735353466616231363364626334643535
31383164333036383530666134333562623238393330346239643764303835376532663262663961
34656338646238373135633830326138373034343938333163303331306564343835313333633038
33323732666633396330353039373062366230356361613539366434356435363138396663613461
64383064363332346438643464386465333130623837373134303062613931623033393062383333
38303336333863663930386330313935643831346137363166343935373666346434336366633161
31313263343839613764313263396165343066636132396430643637333162333864343462386334
30376462376536366331613530373063336464383163323430333432313937313630613463366661
65333166393132653932663633343433393931666664643961396134353961666630326332376463
34313636636634613863333436356532643338383830316666393935653931643162633235633931
37363461626239353833623334376464353161373737303236643138363962386662633633393433
39663461316537353362316538393461363738313763613166656139313464363163326233353738
63323239336661353664313531336435393332363736326433333261663239653937326139613961
33303130373331613264666139373261316638333464336538636139356664333633666134626332
33636236386564666239616365313637376561656633396461326237323963353033383533646630
33326361623239353163666365346235393861386530643464396661646666393435326139383032
31613239326337343461336533353562643832313632306134346230303234646361623964353936
30656431313334383762653063393565623530333463653032336162626135646165373539623465
63633334393736323234353135666330613937363737313133613361303161623932623139613561
34616565386330336630346235373239343961306439633034333130653732333366663036643761
66376465666137613761316231646235653634376665323364623832363661353439326532353735
65373839653931343036643366313665613830326130626233376434326462333034383035373139
35313837643838346534643736623738306662663363313161636365323863363039633966343836
62353034393463656261313839343462623933646464363331376533303266656636313834363265
65643762343038303237353464396634346664613264333663343735386162303163373638306565
31336234633137613035346336323830316330386233316161313533393631373364363763356633
30633661613338313136363964303532363830303934393932353963353462646230663465656463
39393837633939663963663664636430343235656630303738633534613863656634326530383933
65393433386230373631326264323836323662333830653565393765363539333639346636633932
65356637333434363233326562656538323130333234336131303532333834633939643066373963
34363162333034396531663563323737323364633362306466333739383935633537623965313265
36393861306366376266326232303863386633383134356364663535663061666637636237376135
30316463643134363232643533666465383062396331383530343463366636643636666332346334
65326430656530313365613166623561353265346130613161356662663236663230313031336265
64353863326162336464653964663230383135363762356633303335613662346663373066333835
36666562656463633461656134356338623666623264653636316161366264346261383763663764
34316665353362356638363535663438626431333931643936656634363032316230393732323932
30626438383064353264613766343235383836396137623866363230366334663934316533313438
35613636613336666131356539393835636665313437323462336438616561356134313930616338
33613664326363336532663734656337346264353730633839613666393061636136313665356233
63643937363039353462633330363664643238656665333433376438636665386436313239313734
61313631326366373639666461333934333964613433396463323638633065366166363039323138
37626362303335303765393130656433376533383235656234663736623763633163336235636563
38333738373533343261316238326132653136666363616534623837363364333661626130323462
64333830306532386532393134386664663736366437656334313066333233313232633038613731
61663831373037363634396263616566333135333164383663373336643062393730646330373564
64363066353662383230366636393339343933393336623236396531336663366235396161383834
30653937383366333436613835396437393836346534626466386530616663393761363139653264
31333530313436383661316130363266323335346637616161323566666561376133346336363163
33616563663165373562363532386537643763633437643466633331323630346638613537376131
61396334396263316265373234353534643365623766326561616666393765613462306534306333
39643162666236346639373231326433363463323163353637363762643363373032666639353065
35663930373334333435373664326263363337636332636462666562356366366339396139643131
65663030663966643766363935616666386130623466353739386262626437323433636335393966
33663533363462313935333866643636363230656333366264313661356363333232663761386330
64383663336563663935326434643431386361623232386265643232616639343536646531613161
30363763323630343731373131633830636631373433636364343831393062363138383638396263
33343733363363353234346164646439393962356638353761346233383662616462626632636261
39333866303866666230633630383061643262633361316230306235396662333134326639386231
33353139616135386330623365623464353361366130663639373034656536636231633761313538
36343066653664343431646635316339353733323662303835386139623831343230326534333135
33363932666162346662303635653038366138646632636533633963626236373639663833613563
61353765653262336164393565626635363936613233646136353265363139366230386163623264
39383736343062363939613330373061313638313638363938633862626461313534336633323039
33313933643661393863373236333336393037333733396532376131326434356565333863623138
65333736653034353533626562613365353836353135313631656132613762616134646230333637
33306538393636303062333832326539656463643933383361353234313161303031663339396661
34343738383236386462383863623432623662623663336362313666333563333931343661393432
31393834326537623131356631663561356364303232303631303130333439343730643363366463
65653665376662663636353239393430613336356161313432326436343364633236336634333538
36386262363639656339376231373661643065393262366231626335363465623638643233663634
39306637336135323638363863316635356133656135643835353334353162363337383639663038
37666230383433396664386361303864373338636339636133396433376331613165303739623766
36356539653863363437393966326566623138306461656431623132343134663734396633383063
63366662336632306435313461323030323835626434306364333638633736626631636561623766
32646162343134323731366466653263383736636435323834636435323563366161643035323163
63663862303733643239663538356266363766356132303865343066383839643739646464323763
61316264633034643763643466653239303434376536353433653333313164613134656466373736
64346265326637613635386235316461396464306431383364326432313535363063663939376134
38393530623636343364653734653566326666326166363631613136383032323137376432326564
64636630366363613933623366393161336564616333316532653363373031383633633435666433
65396632373633373538316235393730373738626135626239303139373364623638643933653934
61613836326434343462343334306431663566373132643335306133666630383363353134376634
38353264306634656632316234613963373766333433643634663032643236303866386633336430
39333935633337626164323433636164663636356261643134353438616264656332653265323131
62363336316130336436613834643330633235386362616137316235363531643162343434396663
65393763386139636634386661363736303132323134376536393465306637656137306132323334
30663333376161343830646234373632643361626166623431343665376639663766376333323866
34663532383365316163333731613932333731313138353431643931643765616336633462313131
30356439376634343037636334363831663062333662323935613530616535626365323238343566
35323239306433386133346564323561356366333833376437306166636533363530643630333363
63383234316432646239633937316337366364326161333665653733396336616237663666396132
36623364626536666565666639653237626266376437643137306339363033643732623162306362
66353632366234353338333231343131616563353638353331616130643237646535366637376261
39316431366264646434663631313130383737646661616631306535383866633631333266623634
61326561616638303731383439393561633739373433663332663661663731376132613763653135
62386566376237313639363437623230396163323062303137653866663761363639363661616236
36306233656631666635336161356231656630646139363032666532343463326164393035313465
36386162343134313263316264396162353566363535373462376164383337333862373239323237
62393636653436326535373838363033303439386533323563343061393035383630353034323664
61653361633265333231336365343330313464313064343933333166333764663634313335323336
33323665393733323962353635626134323834616236613063326262653366303564376363303035
35626633356161386436376463636131313834613134653036343361613061316634343439363136
38373737623432383231366431663333346262393131343038303866356336343534363361343234
62623431363931663934656539393265326364346332653163666462313461393365346538663161
65663532633038663637613165366562663230653838366634633765316132656364333065613130
65313834346439646236306464643262636636663938666665623238313831616532663334653630
66303936353264386438646236613831623362663036323934386137323438653263396465633637
33653064613734393633666232396161623639366238396163663733383766653833653533656438
39646635343136336134373133303735396461333332663664323134666639646539653661646263
34313435613732396262663235616165356535383464396632633431646337616435383964636331
35623265643037663832333066376566663563343163323133353961666163646435306630643531
32626133353139366565643165303631323834393036313432663736383261653634366235313162
30643938363164386261613764633730646135626530616265356162303066323664353531363565
63666461373334646532306135653866303538393863316565643836316635663633336132386562
34383132343633303331336366386266626335656435623664383237396662623330373565303336
38633538613830663433356534306262643831626230313966393165666439353164323838316164
65303732633938633838613939373032636562663131393262326562643239326665353035626433
61643630316130613665383061393361316261323330343433663332666439343266356565343164
30633961623937353539356434353936353565396336393665653566356233633438653533626332
63626439353136336566616239613434383865666637333466663866623564326232363163383636
66323335666133363936323531373536616566333035626231316162393437336361356363666532
32626333396537633538613261326237343536623966656234666535343834396163313463336438
61306266346636643735626636633332316663343764643231333533623234356535346665343931
62306230393363306635353330623133636464643537313639353561653832636131356163633066
61306332633537383331616265653662636232623266313233333165373939616533646135643763
38316439636332353739323665653330646132626666613261663662313030376532303561313164
39666333653133333436303737323538313132343738623365353838616331396264373738336130
30326132396462613939353661353934626632306564323262393565653565306334343037623631
30356265653764613064623232353161623939646130653663353765313661373666313133333465
34656636383338623938646134333334646333333238626436323539336533636439363939346235
37643836306132663534343238373238636261663630636462633637643062613738663439393165
39386335383332383731353166313835306562366338343838356464393863633062646336636164
64613135323434356461303237633734623963653561316631643937356264363335663639313361
37363933316333636361623733353633643863313861663633333261373064616236623937326335
65623839363836396434336537636538333865376163393062333631386533656364373639636464
36613331373739303232656239343962626539623337613437343433643861613239373337356563
34313935323364393934363863393133623035333332336164623437323965353638643639323862
30656561353239656530656630323961393737363765343733346437353334376131656166656531
33373832356263363334653731653832623135333138376530396337346364646131343330643561
35316331643864313663326434653263383533386431616435333837326262346364373862313161
31376238636465323262396335333862663536333663323231653833653936326536386438646331
65343461613263373562323935336435346334333033343637623266636133313533353736633265
65616137316465656362386637623735346633613331656566366437363566623831636435396437
66646139363765393934663131623563646465363962393638633336313266303539336532383861
61363735653031656332363036303639643666633936393133353662343331353663646438376534
63643133383334383666356330616539623432633831346562313831363436393034383564616336
37346465616633636663656463356162373938333438653030346266353839363733623262643332
37306266666561663331393531613233333865353430356433323039656534653337623630303162
30626437333139383863636439623064343464303566373033333561393234303465323238306462
32653037646632636464323339643537636533343634333864636330333930353637333031626633
66353362613966363933303964356464303634323431373733326330643131383532396535663035
31303036323232313336633963626464373463316133636663616634303566326236613339666539
38393335373432343538363961623664363336636631376337323761636634313966383139356162
33306635613363326432666162386562346637633364323136396639303531653930396664306331
30373663383962616564356361663836373238626466653932626534386131396334633263626662
61363530613164633335383332303735626234383434383833326234316636373734313934663732
66333030356334663938383865623635383132313961653434373465656162313731313662626334
34336466343537373763653930663735393438353764326263653066636464633538643335666638
66373466663765333463666436666131313261323433303535323866393134346265323966316565
62343931623238373665623031663832313162643762666433326437633363363439353937633930
31306630303630323837623038613438313931613266356531323138366538373534616637376664
61636561663761666562623266373931636436333563393462616137396337663862386134343032
33396439383762366330396633616431613636303532386466663138616331353236613330363737
64313335326664383964316262333036316636616633373834323935303130326366636335333430
62663333616566303339363464356665666362633839306233373265313131353266663034613831
37326336643032653334626634353633633337383463646466383066323564646232333038326364
37393566353134306634316466326435623431623131336465656230323734306165313635346166
65396230633038366438383930373834633135323365346634663433306664663738386135333836
65396162383039646638373635363366383733323965323930626438346161633937313133643031
31336139323734383362653539626464303231383630613134343439613064653063306334323235
39383561663464393138646463326161393564643830363336323861613831636263383939333038
31633637616361316531343263363335643739353965373934373239386363393631353530623032
63383939376331356431356533386138656663393532313862346166656231393832333765303939
39666536363234623164356463353565356565323464336336643065373461313537656261353938
37353138353139376638343766356539653336636136626533323363386137643034393432636539
36316237366661623339613231633763393330346566316366303639613636643732326561306137
31333363666536666564623837633538653538343265363939373633306132353231643838653034
39663737623465623866353337383466636537313332616365643562623963313636633264376232
35386661383732373663316331643233386539313138353130333463383730386466613132396166
61613161626233656166383130356536656263313932313863323633653539653562363333373062
36323238656333303437333334653537343466663436343461356565376364356165376564316564
39323761613966656631366238373035323431386664356161623862636162616264323062323530
37613932643465326438306635633538313435353131663238353765363431643538323637613732
33633262656239636231396562303831633261396131656630396662393533363864653766646337
31336461626561343131373564623430306337323761336165386131366461333061303166663336
61343133363630643162663438613931626366613333353934663431653834393539356333623730
36383238353761616234656436346563616531326161383733653231363765616364303966386530
31393462363164396262633062626364316537616132396665653236393035653961653137303065
33306433646666653434386665613735356465353135376330633830303131643934396464626462
63636331386638376634643537343434366230396430346166623563333931633437653762663031
34356465613965663332386638363563643336653064303138343039303539383664633061323262
31316636333031636561663332356438386436313066313464633434396138353564346236303162
39383034616166653438633062336338653762613063613636336536346134356636363038383963
35653938333530373163386436373966323238363262356462303437623362383562363134643266
39633030346365643030356561346538366464646662623862656661636432346163616437336333
63386465386237613436343832303630336164613963633531633830663831323830353762373436
65616163316665633334343735653531366134343563383965366634383663333335323135613733
32653138376265643766393138383230643465323536363939616538393261653938623632666162
62616464303132343366363435303931343636383034386362653261353434316531653061643164
36643531336166646334376664653838336165313665666561333233643630373166363336643232
34303466666562373564393864373838323937383530343664656137343238336435646437316265
61666361336163313962323863646461366462393431373330623131383839366534376134316136
37333431663666313364343733623134343035363138623664646139306238323463663432656532
39396438633361613865323038333966396662393933623031303136653036333439363337323236
62356666396137326238396138653662633064633539613165306535336233663232313364363035
63323766336666343537323561653435316630666665303739386535363838653765643433643264
34393664393365373466393738336666316432623735336637376264323132306535316464353532
39633036363436666466643933383030353730623662653234346439316364656431666635356334
32353834653730643133356138366637633363663532333063646562346330616631353732326264
35666265646164646330313731633861363930323562303363316663363731343261323039633361
34623230346565656636303363633731393564623031366361366130366463396664656433386562
31303537396533353231393237633263666536363039303565336162643633666632636364393135
66393065623563616536643535616531333139623066353864623831666236326537623135356364
37386266653435383439636234633062376532323535323633303536393637366133396362663464
35633063396236613737633138623766323935383637343336356135363637653631626631396662
38353861306162306233663961653338626365353265313436323239386264373763343037396432
32393735376461626633626565363964333036643566613866356531643765396532623962343839
39323132396534356530323039386332653832376139626634356466316538356437323465613034
30356139343736346335396562316162303237646633343034306463623264346164666136396235
31383161643566396533323765346133626634323633633862353364333331383739303166666134
30626437396130663032316238303765623638623464353833626432333939363234646331303866
34323062623731616465376538643330653337653336323066623466306663356461663135373736
66353237353131396230306466646539656132353764313964383031366164623363343232313362
33346631376236343134396165313336326364616466303763333535633431333134346232633662
36363564346139323761386238373237303765663832336133383330376332656339306433356430
63636464333037356266343861626135643530343936356637373866303937656436653838356362
33343638353532653365363965356136656535363938303866333531613430316462353139626338
39633930363332313431656130363538366333353132336134316462393637393639636235643566
39313536666563386530346665633030376138353931643538343238393432666336316635316239
63353263386430333336646338313665653763663661366139613763626562313137323265623964
62633037363337623336643231333939396130626233393936373530396239313538363963626666
38373739616566373162363462623862623765313834343137616433316139343732626337663966
62396563363134346337626432356263383561396537623836363231666366623238383266353430
31383166666135663736626238303736626661323431626633653666643635393965343538316661
32383635333264343162623837313531326466633038653132356165633433323064626264356532
35663935396563373338323466386563313632346635303534646639353633306437623139626431
38343137333032336164326638306266333836316235393561363737623638666531303039333436
65636437633266326530376163366531303561666230653666636663343839636335373537346364
63356164643965356437346461653262303131633261663537333165383866616264353831653231
38303862313830373861393539663162626131393461393030313730323036646566346430363766
31373739643164623336643364393664396333313034303430316635326666656532643131333333
32373666353034373030363735306538356663396164316565396335666231353562353232316439
39343134393030306138626665303538626337623333653632366130336538653539626238386438
65333362646464643236353636363161333932396431383063636138626339646537623633306138
38646261383233653165663062633663363632373066333239666463393733313135643866663463
38336135396561643130343937626435363832323665356137343461616632623632663936653431
34656630383338663235313835616164313538396439663230613564336465356666303232396663
61383261656266646433313963643366663765663334313464643265386536373939346263623134
65623537303361383839376238303731383136643337653462393863643334623361363736326537
30343635383562626238333133613064613866303365343632633130653461333138333934613033
34663431656539313364376366613931653266353337373963663735373730616563363537366435
63376339386334616430373433396637343431343365383663363330343436616238613566326431
39323639623436653633353031656139353331346432333164346235333766633838313836303137
38613063643362356264316563306361343631323464396561326636346637326264366661303536
66366161363136633261356539663630383438613336373632323633636162306435373935323566
66363530363232636566633038653966363837356165303265663764303238646463616566333235
66653130616531373230326263616462386164393164613930363031353838396133656664306438
37316438613435393231316635663636386565323661653736303337373661373836333539313065
38623930356266336166393938353936383138366138373666336165373763643834393930306638
31383132396534666439353831306332656336623063383539313637373139373333363530363466
61306363303137636333383139633838353561343637376530656363303132303563343836333231
37353132313763663736616162626332646436336462383130346230363861663838343838373433
62633938386639333765306137383731333665316439323235346634363135343562396238303563
31653265353236653266633261613139356364313930303131323562636361653564613730653364
63353831626238656330653430393835636662343332393762656136303637343435636532666461
62333235316362303363343338323133373665633931363630663837653662343461633032376665
62343366656533396463353566646362376232316138653339626433323961313135303061343964
63613363303239323235326263323635643733663130393662303930633636366565363533386431
62653562373866643831393335343466393064613564333034316633313665393638626530386135
64623132633463363033316139613036353462663835313632633839343765366133626633643637
63663432363633306464313534326638386161626236383730363236326139323464366466633932
36666361313865373161356432376561333630626566396533313635653931646437633435313163
39656165353531306366633463373037386539666539323139343564366135363637373364326130
63313066323531393330613638353838376139653033353339643565316432303030383736333434
33333131333735306138653265353165313232383135353063663932363033363139336236323235
61303737373032656435383834353130623662316234376361663732653331663231363137303865
32383438323239623434373938353634643630316464666266643961336462333938623939626161
37646631383436356565333732653233323264663030343165636635303933646436363635363332
32323764613239343631633137616165333134326232316465633835393335633332663731623738
36313365373931633864363162353763333062663565373964343037656338616366303032366134
65663537646166613936333838306234313035373834623730656232303837613738613066333931
30313435326631313531393836303938303432303563306131656231643630316362616638316261
33653866643539353339643163616638336436303430393561366239656461613535643338306263
36646139646166636366653763316333376436636532643262343138643763613638383466343231
35386534333736646336333934333166383232653864633863613038356631383066303335643431
65363763633464356531623964663930393838343861613730376532356634383031313139306532
35346164393963313431353330623664663231626662343735373335616437333434363166386439
63356261306166363533363361356635313235636638333438636336333531396665383961393034
36363739316431613263313338356163356238353965616238333261323937306235323331666337
38376566353534396632656236343961633239383235656136356535616434393763393761646233
62353130663430366232663364363264636439393238363265623864353534303933373135306266
65336332386531383334343066656564393537626364306165376639353965346564386636333430
34396131303832656639653434356432336362633831386335613937386264373934623430333935
64346462623630653632303534356233343966343663366664343761376539356261663864663739
31616236326238346666653333633936616434626539616131633634353931343439666430663339
66636637336636376638656333616133643066376662616361363463393533613534613161653766
39626133656437323431663031656166316236613735626462363864643839653330633738316562
37656334623164306264653535316230343336366465613066646631653639333839663037613865
33356432636331653765666261616663383934626638363531396138333364616263393561366234
37343566333534666231343139666536343732303538313664306636303661303165623361373338
32356238313438303266666665356264306332303361366633636366323532346366656463333864
62666631363437363362623465343966653038353963656432393763393563376538303330333738
63376138623139623865633561613437636665393130363332383238336634633765656131613761
63376632656338383733613638616437393032656462373930303834353636396631616635353464
62383635396664323030333662303032623535656463633561303062626165343434326434613335
39343737386534656134383362646337393561333734656261316166396437373663373062613532
61633463626336353731313438643935396364313738656166663164373939366638353934313161
31613733343163366463376665313864363838383462646633346636663964656564306666373839
32316362343639323064333538643139373238373334643033363230386264666132623836626365
66366630303764623763313336323636313861646162323930623539613361626237306363636430
66323336396466333763363934313064356433333932336163386539353832626338363034396537
62323136626365353130343765666666316131366530313837643366366532396533336133653037
63393664373337313735313661333761333332376163383438306130383335396536653962326432
61363236393234626534363932366430653839383435646233666230636336633432303432633831
30306135356262636630613139633138663335633138303135383661313331346530316638616135
37336361343066313431656231326163376264396464636636346639643265343437363462623335
34633463633539333762316335356637613737343366633064363635313662623532326162373330
36376363353461366131656262366366343563636130356539323265303735653039633734313261
31383739616164346434336333336132353530643934373337396539393032643939623533333365
30643066636231643130623562653534383638353963396334343937336362323633623134616137
64323762363961666338616231343866633936623763396632333035336664366634643038393964
32316162643166653937636135653161383165613537353766346331616433366662666530363362
64633161613736383234316133313565376364393566623365373132376665353938313532323064
39313431313438346265306564663439353436363439613961646564653161383931663030333861
37336530396137356331653931646637613830383064383163356434666435376131633434363266
64303633653665326661626466356333306566653137643165366138636436653133376636363263
33373964383938353730306531326631393934633036616438346361623132366365663838316331
32613230306162373236306234383439616166393532373163396634346432366135346639303436
33633763663632653764366665616262393763376336653234333031656165303363393934346336
36663338303937613539353632393430346435346335663234353637336661303935323434386439
64633264636362313136363666323861643035613962666138633734653937646434653736303838
36376633363438353830393334343635383566333330633962383634346263653761636235653866
37653863633262303237373934366164653564643535393661333762633265303964376531303739
36303465303034626131333261346362663630373639306132333465363761623237333934343536
63616366313264643865623835383030643037343361313037386337623233343832383532623137
32613537376430396263613736356663663164636232613162626536663465333734343561623839
37316131333136366161363964613033323634336538643664383332323236613162363431393435
65356636376234326263343062373935313936363236313935663865393664396630336636363239
37396637393566656263633635306631613639306438623863643132383631653930323864646265
37346361343064643032333538313133663639343436666466383034373233363465356536616265
66626531366632386432383339373138383030613939663864366535343239643766623937336435
65323132643831613864663366393833343065653566333135616632313362613038393731333030
356365323430623934646530623238333732
