$ANSIBLE_VAULT;1.1;AES256
63623634353630643034346533336635643332653865643065343332346366333736316631303033
3065383536663136393238346434663239383837633430320a303863613063383965386162396161
34666535663435616164346437326639343231336435373639623539616232616132373261386262
3832323761316262660a636339386566333339333239613264333664383735333534656461623033
64653739326337346263356239653530633962343838333036313538613261333863326431363263
37343037386263643264366363666264623335646639333662653665366139646331666431346132
36376664383230333862343238366335666431346366626437666433643961643863333264393239
66393966303637353831313733666237336238613631643964363264373831393364613661363330
65386534383465656535373930633132343036373533643063366462616637353937613534333134
64376337323263636634396265383335653330633331366638303539343631373362353664653731
36613464383233343837313230343166333437323436373933373730666433636330366330666261
39653533633263373735
