$ANSIBLE_VAULT;1.1;AES256
36343930653835323535653962653930303736633433636665626338383637303066633663626361
3061653332656633666336633734333033313030306566330a313864343133376139396661376630
65363862346266343930323437333832393231626437613761633936376432613566366533653231
3361373237653639370a656163306632626233326135386365376334623236386535323339306261
39656665616132383030363334373264343237663863306132356137653764653264623433316364
35323932613436623537663062386266353165383565623534353231343130653431636364633438
65316165656461323233636265356562623564646566313862326433396366366366393462353933
30366635626637333164663264633861663962346162313636396436623437626566343464643533
38653462356161363731366563656232346434633763363431353764346636316163336366376132
65393832353866383163666433366461393966383362616638323833663331623034663164313364
66663163303963343437343632666165613066633035653635653262316263636563623236363034
35383861326464633666653430646339626532313234636431346662373439396462626639613637
64636664363663373534643939373562326531373130313635303331323763386263646363336361
66636431653366656465343433636630393535393431663865646532303030623431376133343734
64633834306231613135626334306433653136333862313962376366666630666461623434316334
66616539316232626533376164633365353061653735343961643761303065623466333632616537
37376634306338653934346632363339383838373435623064633635656436616363313766333532
37653266396265393766666237343332333538313239356162366366383061303737376432396534
64313539613333613766353538343433653739643032643630633634633163613364613431373434
34396236343363326437306262353238663731393963646334373231396664643962623439373563
61346339376230353834376332323031666264626564333162643566626437646431656439383336
33333762313264366530356362633065616532643633666531383630343138643038313231613162
66336134333866343435626335373162363761653964356130346335373166316639363839663431
63623539633566393731613333346233313930656330326137353136353134386336313566363666
33376664633264623638316635393466646266396238373835663265323265623233306635386232
30653531363965316261376335646632343963303735616130356562633130666336376235653131
36366437313666316236633038343332306465646665636235323765353965383962316537636337
38303230626462666237333438363666363834396332656237353632613934306134653165383433
66363861356138643936653535643633663062633138333738616361636134626137373030663238
64346661666661373633353836373164616438313733353839383030323935313037656534323565
65333032326163346631623966636262356431313331636634313436626330336166613361636261
66663335333330613733353966316239313133303632343534303736353362626134303333356461
61373534316331336534303730616363613533613761303531343363306538633665643430336531
39363037323839383266626161366535333133346166643466626435613338396165623336633737
38343830346536386639346564336364343061636139633766376166356434383965616635643034
64306265333137633762333438366537626430626439653739653365333636363737323638386665
63656365653866326338613465323235646438613933663834656335653661396630663631616337
32613333316630356231323230383533343630663465646533653236383530333432643765373964
61383962366538386366393834383364616431666137353164313433343835343839613264643364
38393034313961313638666463323632333063363862343130616263376161356431386465663661
36636235636237623932636635343735316663396164613966623566643536626366343965623934
32623332653330663138613536363132383933623739333566376439663336323361353231343066
32343930636266373261383163393131653736373562333463323033353265386164336631396361
38373262643763386232666265383039616132386464373036396430396665306631333230386465
35366466356462303830363162333063383136663363643932353932363834333131306666633566
62643138653234373365663464633930653862636632393238346366346433666432633662373736
34613035636438313037383639366461343737313561613432366231346534303638633835393531
33643736666635643363636437656235643361643266336566636162363861376532343936626465
30316465393239613862383263303032646166313236383262626238376335666261316363393630
63333732633961653932373331343834363936323430616361383562393066326233323663663066
66656536306138393862386434336363643435333230633435666232333035616539366464313937
34663537323138386334376364383166366262306532666566363038373737663230356261313765
62613562656464363364396133306333366333666261376532366530353866653737303164393336
66396561633236356437323738353932346563323436306533383563663330373335343031353733
37323631336465333631383536656339396439323739366434313165303531383065303563663036
65363930353832396339353666636139326361313232333362613533366131336130386137663330
39313139663965613664383938393163346634353461663938393463323665343430623762333265
33303538376231643330343033656436656433626538653132656236376166643538323264653837
37343338313837623339316231353532656265306536303135656562333636633236343966636165
36356563616136646564323934613632386334326632636362656139663464306165306665316566
30303734636663313764353036316664353632656464366237376162303038383533643161323663
32383466616133623833656430306132333034356364646161663133386665373334653631646338
65623664393430363465666136383965366435316339343963313139616163393963383663356465
30323530383032353764323732363838646338313239386636383165663236353436326130656464
66336533613264363362353861643836323264393436616632393332636364343832313431613463
64616434356238313634306235373239333563643461316337616262653430336637306332393230
30396463663762613232326538303337326366663961386266393836616130383637353632613838
36646666666438656464
