$ANSIBLE_VAULT;1.1;AES256
63323164656531633739343534343330373433623832653562653630353963356566656437633966
6637626637393737343666646134613565363463386434390a663535383761373332623435363663
35363231346465303336623737643131343330666365376539383839633638363965333239633438
3465396336663633640a613764393938363535626336356233383264656665656435303132373337
36376431626264376330396238386164336334656465393563643036386462616564613833396466
61323833336538363633336532306434626239396630623134643466643365383466353539316236
38313261356262643530636465306563623564353938656438323839316162396333336537356133
64363333316339333231343764346639303032343133343134366231633763643166363937373330
31353138353364333965386462313766306531333337303438353262316161356230626463366665
39613566653765613934376337633639653636646331323339303134346232363934313830623734
65643465393734353638313366343465363739646330386266346532383661636132376166313432
61383336666630613533333262376538303437323430383639363564356539343439323934313561
64643235613363623363656161366366366439323733623131643930646332356335663834666536
39656438303966343665303762366137303861313564653366313666373137386466633333336163
64633039656638333238383933393834623436653637303538336239393131353966663936343133
66373561393833323630353634326132306633666439356634643737616661303231333336636263
30343939363063613533373435663534663461306538373331366436623634303032386230393439
34366262373861313131353562613365363435616266663461653231626538306164316533373937
61363563336233396139383261376665386233653862323035366134653161316364353365383938
34653234376465393661663438656332363661346633333134393039656232623262343232656434
65353432646531386262623664343965326334613130626562333736333231336561613737393262
32643939323866376266396365343831303864376434376561666637633563663264666566383734
33313064323139323165663237323463356262643131393831313238386639653330643662643366
66383036316535343638313361363164643333393061313865663638376436363333386330333661
62623663663233366534663266343061663633323739383130633638613164656530306665356363
35613363386339376131303235323163613430376362373964656337623564636533323464356430
38306236346534643436316338663566336535326133303666633961383336313363383438383963
32363237373964306363303232376465613336386339323665353832343865616264376636353665
65356638646462353463333037343836313238346666656531663734353239333934633239333766
30663237343732366561346264396133393731356336396563623363386339303738333136366338
61386135643464656130303531333464333635363534306566346466616337643835333036653332
62353330616563333037653562313162393661333331643434303430346632393337376135373164
33303865663962626262373535613238653233383662346662396231646263373463393637653165
63653463353965343062376163396263396436663334336561353739626331626663383561343038
30613864393864626337616236376530323130363834353664376438303263663132326338623632
63666133633266613034393764386165613062646563303661653136306330336162333866623338
65653363373263333666303165646461333861366565356565323561386561616435353338313164
62303432323333373734663532653333323436336266666263643536386232333464653838396633
37343936333561633430353135393863383736303531313135303138353330376263363234643763
39396565393839623463636632303534383438393138333331363062343764653364306238653464
66356166363666656137393439363534393932636366343364396466643062626635373364326432
64353236376363353433373065393761643233346635663635373237636664393731323633313032
39343862386564396137633835333966373038663833376539316432343131343438626639333164
34383366646336653336313237333130303864663163316538663134653539343534373730323064
39656666396639633739643437343734633633346339336238643663633761313236646137313864
62306332356231316464353136343236323866663361633938643135393232336235626433646233
37643261653038376665313735623231333338376239366561326637663731613461353535303332
33643162386233366437656661613233393166363462613433376130636430643463623736626534
35376335373064613039666137613633633664653639366561616563303333653962663537643337
36366338656636303239313165633334613732623634336565356431346137323031326238333435
61363032313162343464656236393238383362306137323637383961323037376532656230336333
61393961633563346534663132653062613636353632616465663764323637333736666461343339
39323633656230643032333635333632663865383361366133653735336362323465396466646233
66623931323864316138373165663061363439633038363831613566333837636662393333393865
31383935623734353633643632376331313632396161643332366136633764343063633161613761
33306633623535663564313163313131373339643136646237656663353936333231303431633834
37393832623537323661303133376538623032353661656639633537653934326166393136383838
63353638643234323631363462333032656630633133643439373464333130306537363634333535
66386131633732346233343465323130333932393235636232663136633235326236356438633634
65663233666231613164653662373965376136326263643431366533323964393139616466656336
37663366663562356338653233663038643631653934636230303465333838383162316261346336
39383332373165396364353363333866353262666161303932366636393565343939656330613534
65386131366664643462656664343262373833633437303435356337616565653130336661306635
31373230343862353466346533646635306538373239626562336666373138636363626332353636
32383338326135613135363639653036626330373964323938373736313963393338373837376166
66393338326562323332366634623464656261646663373637623936366233373031333732633738
61643239303238646438323636363833333166323032353839373737623236626130636466363030
63383364643765333330383035353661323166656339316361323165623566383165366337306333
61346239663262333034316335303835643733336231376536303062333939373733643763663430
37363239386335373661666531376163376564343865386137363334366363643736383235363763
62313261336333313464616466626165653638393763323863616536633261383130653031323331
30666665333161353764663962643737383931306637643037643163633432656133386137303363
33346433356365663337333135376537663931393366373535653331386536356239653061353730
63383636346536616465383165663332323864393734363933353966623930313839343636613936
63393930333163346431333338623130343433623033373536353665613261623731326534653465
36303563306434633864386238636133393938346162363363636166386666303639333832376535
31343935303535313862626432393662373031633739323931313161613639383231346537653438
35306635383865623432363935383334623761313038646361666564623838353730663464393464
39353937313063666562386137313830656265373662366631663563343364626264336562666531
63633061336139303831623061616530663865383561633333646339626133613565343834623733
32323731626162653566666363366435353935393839636639643339636635653233356462333735
39333038323637396266343261633863333364653036333839643631326161306263643335326536
64306232653763313431316635333864653462616633666337343961623530373531326438363965
30363937353833353936373261326137643861366333383732626263656364376531303338313030
64313564326236623930666234663664333135323437346561343632346437636664616334653063
38343764633832316135666535303363373365633737313339663363633665386431613732663163
32323035353236363565613030366266316331356330636366623263373432343166353336366433
38323065636362303630383234633037343034613236643734613061343237346139383733343339
36353338353864333762303832663264633139326163656632663866346562623232373463363236
37623436393430343736373030636363623364363837303165343462663034353235636363333831
30653861646330376233643064656634623437616134643830616564343939663064383263663330
33326236346133356138646164666531366435366630336363383037363832383434383332306661
32343838313038313737336465333934323064376437373764633565663739396533333630646562
37373966353564633437613036616534643462396432643766353032326235643462653235663538
32333665363232666436383636636564616663326663306362613261623338653263383362396564
39326264623435613032376365613936386531663366306439376662303738393764383065393336
34343530613034386635303136643735663366363337303036316434633037323263396235666331
35616365346332383063363563373930386165383736326362623138396430613638623736386539
34373665323735303031626630663134376638613034366632323763376435353138646535373631
65646166313661376639393630333462366161316434653064393635313266306161303931653938
61313761333334626130333762356163666233306433306466363962353365393531313236626663
36386334373831363337323736326232646130666630343331316334376130383931376533303139
38303839613365366530636630313162653137306239333037643238343634353739333566626230
31663531363130323334343964383061356634636162363534353533343934626663353936646266
66383166356431303836303237333766313361663663303832303564363232626332333334313038
32373961386662333932323431313034663336326565383939303636353931366263316339323961
61346466636166646430396437346530323330626335353463313563636162366639626635313666
34363836616662316630633636373537363762303634656163333139383966343635393238633965
61396332393765373839363936653035363465323835333765663861386437363733346432643830
63653531303666343833383935306539366630363866666664316666343961313664363763396430
30353534313335636237313432383365316630306161326437313861636237346234393039396238
64663531636338333133353734383266616332366237336633376436306336333434386433323431
37613737656562356330323462383533323663666137633239646463636535666432303766616634
37383062343662383865383830383032396538333838386663363062636533306462353537306564
63346239376538643437393838396530363833323764373031313565646334346330363931313539
61363465363738373632666363373632343836656334663430323030313363626565343633316130
30626534323435653335663161396135373337653562356335346430313333383464313237346534
38633264373266353034623339376332356331623836373136373634306439643338373036663932
35656431633534306230623431373634353662636562316135326537386537393731663563666130
64303633333639616539383331376662626331613065646266366632336366373162626533353938
38396239656366366634306365393935366564626532636161643037303333636538313065386134
31656565613235376530643362616133646261333736616530393333343334373465633665303034
62613263346365373261393636353862363362663836333537323533363532383338386465343738
33336265366631306434353238326230393737666665643465376438356339623665366462396165
38326533373831376466633734316633336131303766623739383934623632386263613230323235
61396234656665373864316330323864383837363730393031633963323065313062613737643666
38636662363965323663663830653033633035666565643566306438643365633164396637666438
38353639333538343334346338303337656139643530386566366231303761666330373839626139
61623062323938643530646233653566666436323866366432663135313139643262303831393833
66336636366662383963633132643538633630356561663435303764643138356365303666303230
32383464383262323466633165636438663838303332663561383665663164303939633231346639
64343735343932336236326435643537666565666432623334626430316530663061666133373938
37656633396264656366633865613661313430626161653730326263323234633136353863653966
34653963373465313739383838333762626438323366376130313437366131346637386463363934
32343533316364343436303731393538343633353532376338373262613664363631626337303931
33636262393335336663316230373737373738386331383932616534396331386165636563653365
37666233656337373163616236666633366133353063386332363862326464323664643436653931
32356135316361623962653935616131333065643662393931303134633138393337313733313666
64626563333166393163323161633933343365323230303133643436343463616662346466383664
35383265383137616232666631326438343433313935313932323334336666643231633931336561
30346135356564623664393462616563646133376232346338636266373235323035393865626361
64616264643737636632356532366165623639643433636530643237363866376466656333306666
34633634633637323963313764653237376230323132636339353431653466643133376431343362
62626163656365666438356662646232393265643835626436613862396534626564383532303938
30663433616565383932346264376461313865366661303234613663386539366662333461323132
62343462316637636362383366663763613433363737623137356234396362333361326463626339
62313435363030653539633730653464363331363664343331626633643539656639356631323162
33616638306461326564663161633866643364306165363935313539613436613661356563653839
30356562316462386435326237396463353962333664663235393034313238626335663134643337
63366637616165616138633935353732663930313135323330666338326563393766383630636462
30646235363061626333313063326334323262316537356133393037653763366664373538333533
64633866663939636631666539663833373936396433646664663733356461396432353831613538
34326563626336323931363766386339663438343866653937623864616437363133326166323432
33346163666530353633313361393837326363393130633065626261326531616435313439636632
35633434323635653931623133346664393035336163616165336266643036363236646132396139
62633135626666663434323764343639613939653837343962623438623465333230313062356365
32313362386633656566303034333365623831303838323837653839666461666532303336393333
38356334303463303434313537356631616130663438323538376565333936326534643035396532
31303631383465643032666562333265343361666230626133303330336466393839633232663232
64633234366630303837393230393832336132656636636465646433383438643066303939373264
30646461656237363934663030373236333333356133383438626636663565623866613064383236
39373534316162353034363631373037336133326231346338636665633565363939323338623861
63636264643564626266353135653962653462376332326235613466336531633465343934386366
64323337393864316236323365633661343030346662383964376263633033303266653665366236
38633362366365646165613963336237303531346466343165646636366135346665383435303233
38303433346236653836393664313231353136646265356330623839333034333765313962336437
34363939303863363038383565653437663666366462643332363633393461653436623533373038
62343262306166323231366236626561373130333139666134386363656436383666303039633866
34343038303231363632616565306132656438306431323432316334633138383339623437343837
63373064663234376333616364373033356261633161626131323431326632643539616562313834
64663065633565636361386138656238343337373339383034653337393736626435313764393962
64356634396335663836383265366264613764356630373831336534393932366635366132383638
35313431663833323563373163396561613966373739343263626664363534303039663938383966
32326564326563613631343530643566333039386362306133613130613739646230373338386232
33633732626331643962633637373538613435613931363561393866366163646534653761643639
34376662656536663532303966626266313136646432373135353233303034373239343132363761
61376331303735363330633834616134333435643666343263396262373135653765646431626638
65323063656232646137643437316338636165366663653137366234366637346133663639376631
34323231643632643838316665336166306565323063303436343662656130646166326565646335
30306335643737396535623637636330353833643538353830356531376631633336636165363766
30323261326239626632613336303562306365666361653964386331363435633938316238633262
64646663373131383338336562326566663532383463633532356166316261353130366135653335
34626262393838343562653730303838653235623661323532393232356436376434353564653630
62663837613634633364616133303430656233626336336535303339396232633865376633373337
62303630626338393961643037333962656139323466353431633138626165353933663563626539
64323333393033313661363336363135326639383564653331343635303838626365653839396233
64383063313830393130633136356336303835353033313731626661323932343831326130653339
30303365633038656462376563316138616665656264663664346635323137623533623630373437
31633636396134613932663565366462363564363961326638613232326162346133303233323335
36653365386161383864656462373564393962346536623561653835396664336637383436326164
66393431623938336532626437663761653835646637376161653765633537363466393863306337
34386534383365623666373963653538656664356331633938346165633533333336386464333863
66353038353464613262623333626635346665643036636366336239366266333961356131653261
63663964366334666262363434306566326139323033343436393538363863336435383637636132
66663736386138393532343634303039343538613563383235353337396466636564646433633562
34323330623665643432336231373535343231383131623339323433636261393165653933363932
34323064353335663561663330383137623132366461663866306434303438656162663932666364
33303030343133663835376331653036326364656162393734613635623034663663646231303466
66656264363731623831393131396663326366656132373933396136323162613663353863313534
33343764346631336234346532663061643465616334326661393662313035613933646532363532
37343664376632366366663965633133666234373465643231626662386431393562326361386135
66333665353030643936616564616365623932393337343136643539633231663530373531386237
64623037343230336164343934373039343332383639396530303036343139653364356438323532
39633930373166396136653164633961623135373366316363353362623032323163633833653339
65353461346161636431386237633836333633623366663733313835393833316563343266616161
39656364346331616165353032643166373463653632643031333062316531666138383630633234
36653735646338363661663933383937633063373835353864643331343930613430343262303535
62366132633463386364366236383465356234616533636566396263373864353139633938353037
64366334646634663533303632306466316138306635326531386132313736313766653765323538
34643765366536336535366165613737363936626534626337356661363265613764396434333066
62323262343562626336383633623235306565323034336530306232613661383535313335373531
61616236623038383338366535333133323732306533666136636232393764326539656666326462
30336638393231303462343933656635653033396631313334643838313230643432396432396163
62393166386335626530326138613133396639366436373863386132613639653066346233323032
30646238383863613264336634396139653662303862383937313338653866643462663136636538
62303430383362396136633135323639643738313363646535373862323262633763363662656530
62376338656666333036343537636635356139346534366333303635653332613239613835623233
61636132643265643436343664623536323463646264613765386438396238643333646537336637
61376637376535656463306661643839616665613633643961616337336231656331646231386234
65653264323336383537626364643331666336363066616263353166626435633237663963376437
31636661363834333534313036616131363863636330316465303938656662316566613462343039
61666237326533376138663661396532313063663665366664623131386234626437306433626565
34383639356534393963323032343964343337323537343365316435613538376333663933663639
61613036343064316335393437373439656565343835666333366234376433336233363130376238
63363766633032656166633930623965653662306262326364333363633031353531376239666531
36306562303038323933636465616431396639623834633433313932666133336239326439643332
31653339643034623865326239613132616533646239303435653431613439623639646432303563
66646539643964613231323931353632343533646335343234616430656532323665333861653935
30613263633632363833666430346438363638313861386261643563393066653537326338353664
64643061363336663062396336643263316262396164356661393131373336386137383139663735
37613138373832633235373438306335613363316438306237303339303765613063653038636531
64383639633834353164363436613739336633643331666535376335346334336362643939646134
62306335616534653630653535383839373665396461373262383435393130646238383730626530
38656530633437656135343463623133313833373932393735343933356463643963656435366263
36333232636535333435313135306565626561383632626436393639336237316163383130653134
33646133653364393431613064313835323162653135643634333633333536313132633734393063
66383232653831363832376163653939396539353963643362313137653664366566383232336466
39613733383364646530373334333061613633313030636234323265623037366131663038326139
63656332356263316565343664336462653430333263656464363839396265356163393039366632
63303833326334323738333835353864383338316438643433343531373331666363333435636565
34376362343932366263343731623934643664396232336536343034396633386439353165366332
63613065336164326136303835663032356437373232663566616561313030383661323461656433
61333461663730613037313266656632333464643262303237366539626665373834663763646264
34373431646534353530613930616437333431623335323230396465643164366362663435396361
61663339643032303235313838633737616232303639633537636366393134663338333236633438
63393562373333323335633934396464376631623961616334636539623935663765646136353539
34366163366539393262333632366139346162333837396439616661353864356366633434326366
64336462303038386565333731393831393865666130353537616566653664373465613733636432
32376139373831316538653763313432306639616365326431626434613933313137643862336265
33343332313336323861636637396132303333636532326130643763396334376232343730666232
66653437316337323265366138626334353132376136313061643263393163613165653463306463
30313938346637303331396366653533346433616432393866393538323837386538393136376336
39656463373463316435336262306637383734363162666633353330303861376431363131383166
61343563393233643761323236383365643963623465383164356332623231366665343031316234
31326261366361396331386538383161343031366666363635316133653031653630643038623938
31643462633431643530333165336237363931623634366462653165656339303432646537336262
31316438346433393037353437373263353435366565303432363339303137306534303031363532
30623061633338663364306135653931373766666663343839393734653166633866653536633535
34396665663535376435323961336634306235313834653462616562366538343839623063643436
63353865323230666465313537323230613563626439323365386566346466383464346562633931
36653164653338356132353139353830333065663761333237333863343035383365393365613736
37383134376537636439333366346139303834613833336230653730326537393263373438386633
63656463343632636364376430333036313566306539653561373365616637306333383261313066
32336365383538373739383366613931313435633465333934343666316362333734613462376664
32376161306563643061656234303365393163656162643666323464303864663266313563613934
36633835343262623738363765636463623030653462643232333663633430323562353261366463
32356634326638373030363134366333653936643137366266626665376565313765316437336261
62343762336666666661336235346366383065356462663435616561393039313865363732333238
63636339613039333739633438636235663437323966326338383439373435396330633463623731
38356631303537396630373033303936363339343830326265643666396263653939323832336437
36383230656331613139626662633365303231366632393137393437663139373165646666656563
66303665303239633565313936626664616436366666663161356234363239323732636432353636
61303964356366613533613935396165663030316363333866623661663937363733386235623532
36623035666665323563656330393462313666353631626436323635643461646566356430343131
65616531333237363735303230316639313863333038333238656230633963323731633230653264
65376635363566616565366665633737636230386434636537396134633465313665366131326637
39383537613937363036643231633432303832333931366462323866346463656566386139343939
35396138613231633831623861333231306637653265613734333538393230646432393738396432
64323962346238346239303531323266643131393434346635636430626662363464373836653638
62383033366665653733656631333235623465643164383837343733613865653564316165353134
31313663613064356536346666356461626438396237333339373735363936343466616638646434
62656234373330653630663333333639633863653330653564663561666130373336663761616230
66386435356332653462383134616330303766613534666466653663306334333863383961383736
61343163623566613539313734356662386531303562306538653666306331623933666136623534
62613233313839653431633730346666326432376131373731303937353837383131396236303435
61633437353930326638343337323437343833636364333530306637623933623763663831383333
38626464333466303237646466303663376339386663656535336266323835623738383137356461
35396634343239393864653037303465313039613439613164343439336663363862653132303835
31616565346134363363396234333430316135336237663733666538343334303437303761373936
63383830633063653662303537643265306636366166303666396536633161636232333338346231
33373765353834383230326137666566326663656136343638373532313663353938323536316433
37636134626134626631376565393562363366316566613532646538616464326531333933663736
39333532376165616564303666663437323565363932363566653538323731663863366363393462
65613763333030386561626335646439636665303730306339333532616535303061333865333133
38316263313434386666353531633361383063333866363366613431376363353139633838383430
37353331323365336364393138633338333139633334336439666138373634303964343065633564
39336464313538326231323666383863353161343365376235613862613538626666383137666335
61653138356266383161393634656365613433653462336531333539336138623038343566626532
63363266386464613830643236316634346231633034313333393430343361626433353639646166
64616331376230353437616263623063613530656638333633663134366638303865323265393239
32396664393164653231363236313832656362316462316230353035333539386464353637386532
66613838623937333262316463643232303239323832316562343033333239303235646364613262
63383262623236343936313837323965303831343539643031643030646336666533316534356465
34353439393661616430393036336237643334316233326263643832333733653863623134626538
32333935343561346336353430646130316437306138663036333963336135303562353335656463
66613635376533383961336633613037303837333331326132323130656462626133373537633236
34643062633133376462623166613934646333653966656137323730323762636362623364333064
38653033653032633066333334353364633063393963363634663834653865373361316430343332
64346335313263323132376330663362643661663634303338313063376238343335343937366133
30323563363465653664333465393863633566383936613939333030396639653866633461383763
34383234653934343866636266346435653062346633653630363530653936396534633731343465
34373538326533626665323933343365363839356636353866653430333333613835363663376232
65633934316237376462386235376434386233306134616563353832656633313232383962643133
61666662316361613562663534666461326462663131303133636465393836306439323133313761
64303063373262623932616335646439323466376630613165343333323734373536346538363564
35313434383232336362613161396231626666323237383333343431373639633666326462393936
38393361376539326662366531316662343762323834303732373164376466373965326535613565
35393364653062386432333133333935656162396261666462373934386165643065366530383563
37656161393233356165323438666633633431333166303936383064613461303263343338613732
65663339373564373830383963343632333065366164376134323337643864356238393861666434
34613465646365386463306664366433353030346239373938356238313532353364613634653830
35386263373534323263643336663234303431373136623363323863663930373863376231376261
65353732396236323834366435393364393538646365356535633361646565663665343763326635
34666666353337363464643832633832336635386664363461623466376339386134333839303430
31306437663736363763643764353031616237303364623466623265373534663466373133316361
35356239346263336233326164663638626432376234376334346365333832306662363463323739
36393731333765363637616630626362636535646535666139663339653031316536326434376239
36313161356265646334366634306139323130626365323531663862353738316134393762653333
34636634316134316535333430393362666239303462393232326435636630373162353566316631
38333961656235656362313135363563313266303132366438336535656366643237343863373434
30393661623461363561383439616538383363356261323365646566346563393838313239643034
66653062363464313761323936373366633164316665303337616439623339333633356433616561
39333732373936656662656237303231356362623630623330643530353832643432666364666361
32396631626266333563313464633030356332643837333664383134613363666330636531356661
65643162356531633361303237346336613139346566366361316362663538613436316262316362
61303766346632366463663433613736303333653836346434356465373932663934386638313062
65393961396134383062363836303536306136366663353337303537303437633863663636643661
36353361386333373161313666363365346635336366343666613163366432343532356532636564
31666163343761613664326435316266326536363435316163326136666665393666346534353233
39366639383434393565633161333334656665303761636665386237656163643132613433646535
30663737643730336335643834633331636165336236333438343938646434336266663062643263
39633038316232396263396539333762353330356635383163613039616132373533363766316138
37316665396431356135323466316439666235613664623563306139353566306362353039346633
34306161363631663832316131323166376537353238386239373837313962313938643537663636
35303132656565623165363939653831303036343934643731313333396663396565376464313063
37363064313036343664353430383836356134636339653335353532376639613764323366376232
36326366346135356266633835336234316462313732323165326363323032626437633535646261
63303632326433666639303934623763303238343031643039633033613831373038626135613266
30383661393763633961653537656637323432323635663661353035393362663437383739353637
39373335303862343338313134323865333937613337636236623464393536373139316631303932
35396236656232333836646465613563356136343765393362633536313433666464333364626239
66643337373937623863666565666337383531633539346130306133376666336231313862313736
31383365353062643236363461313537316232346236303539666633653131373039316263303330
33356535666363346432393166376338646332333362386438303465343635363563383261643038
61343732343732363837353164626661656665373737363531356538393835356333623036616364
34373437393962613134636363363930636132333037353331333739343639356434306635636163
39643263336436313936366161303232333337356564396564366533623836633138636633333966
31346564343964633834363337396337363539656139346132343930613563306235383830326162
30656265376566353830623666346331653137366364336332333833313934323937373737313232
38393935316365633535333461613566363035313537626362636464316539636462356230383537
38383433363830316432616538666537313065323338363738663761336536363661303764396262
30373165323364363438653163326532333938393161623033396433306539363865353262383931
35646438316534366437323466393966333032666162383362333537313933626536386164353235
36316464393266623466393334616237386466306166386465343832326365333639303462303639
35373265623266343365666261336638323362656534376363306564633062373833663565306534
65353137663634643061653230306161663364396163333732333034383337313864626334376631
32366435326332653265373265336335336162343438373461373164383139636137303866353036
61383864633836616164353665343634616661653462323061323538326362323330383930653762
30633132353731346638376333303836643837643036396238616465653130653532633933343130
37313062636162346537623537663338656561383465613638376565333233343030393162353462
30646138373161646564323937656662306266666633386539336531333032396366333535646663
32613630383965326631323231353739613962613563326339336666363032656536353464376162
33393434313564353930343832356636313161353966333535336538636438396364626264383031
39646330366263343533373233636265646633616334366362376161646133353536306663653061
31313262313732396235343031313133363465333864333562363762346461623438336136393433
62633765646138366238623130336164633339363538303931643032366263336237343564663862
39343337376533613364323365656434303938393130373234323438393461616135336161643033
33303237663362616364373134643936306132663465393437376339396331386539623164313934
37396433373764626132303161393664303561396134333164363534396165353137636362316564
30303635646631396433323835626262623530303032636636353735353338363863656363306561
35306335323233303663633063313535376135663934316361656432363764653961353937636566
39636238643833383531323665306135343438353435306665613434303530353030373662376635
62386161663763633936636462623366633964333466353733343461303566376131303637316561
63303239646166323762646338386435306130346433376662663663613865383831323632343166
61396166643538313665653737366439626266356462633930646133613635643432333463643438
33663232663036336433623539633361333630333533393638353132623132373464613463376432
316661376433353839313135626664623232
